image_width: 346
image_height: 260
camera_name: cam0

camera_matrix:
  rows: 3
  cols: 3
  data: [269.99521435823505, 0.0, 169.74248432222632,
         0.0, 270.1344535864899, 136.57287840251198,
         0.0, 0.0, 1.0]

distortion_model: equidistant

distortion_coefficients:
  rows: 1
  cols: 4
  data: [-0.09700823182436508, 0.037872360588781045,
         0.005645897284381551, -0.046295071046280556]

rectification_matrix:
  rows: 3
  cols: 3
  data: [1.0, 0.0, 0.0,
         0.0, 1.0, 0.0,
         0.0, 0.0, 1.0]

projection_matrix:
  rows: 3
  cols: 4
  data: [269.99521435823505, 0.0, 169.74248432222632, 0.0,
         0.0, 270.1344535864899, 136.57287840251198, 0.0,
         0.0, 0.0, 1.0, 0.0]